0 100 200 300 400 500 600 700 800 900 1000
100   0  80 160 380 400 500 600 700 800 900
200  80   0 270 150 222 333 567 678 755 877
300 160 270   0 490 123 234 345 897 633 766
400 380 150 490   0 244 345 672 762 541 544
500 400 222 123 244   0 678 388 564 389 644
600 500 333 234 345 678   0 567 789 564 321
700 600 567 345 672 388 567   0 546 369 874
800 700 678 897 762 564 789 546   0 987 687
900 800 755 633 541 389 564 369 987   0 561
1000 900 877 766 544 644 321 874 687 561   0